%YAML:1.0

#--------------------------------------------------------------------------------------------
# Camera Parameters. Adjust them!
#--------------------------------------------------------------------------------------------
Camera.type: "KannalaBrandt8"

# Left Camera calibration and distortion parameters (OpenCV)
Camera.fx: 701.6682111281
Camera.fy: 701.55526909
Camera.cx: 703.6097253263
Camera.cy: 530.4665279367

# Kannala-Brandt distortion parameters
Camera.k1: -0.0395909069
Camera.k2: -0.0041727433
Camera.k3: 0.0030288415
Camera.k4: -0.0012784168

# Right Camera calibration and distortion parameters (OpenCV)
Camera2.fx: 696.7174426776
Camera2.fy: 696.4862496732
Camera2.cx: 708.4206218964
Camera2.cy: 535.6712007522

# Kannala-Brandt distortion parameters
Camera2.k1: -0.0465180371
Camera2.k2: 0.0160363324
Camera2.k3: -0.0170339468
Camera2.k4: 0.0050095489
    
# Transformation matrix from right camera to left camera
Tlr: !!opencv-matrix
  rows: 3
  cols: 4
  dt: f
  data: [ 1.0000, 0.0018, -0.0055, -0.0001,
          0.0018, -1.0000, 0.0023, -0.0152,
         -0.0055, -0.0024, -1.0000, -0.0115]

# Lapping area between images
Camera.lappingBegin: 0
Camera.lappingEnd: 1439

Camera2.lappingBegin: 0
Camera2.lappingEnd: 1439

# Camera resolution
Camera.width: 1440
Camera.height: 1080

# Camera frames per second 
Camera.fps: 10.0

# Color order of the images (0: BGR, 1: RGB. It is ignored if images are grayscale)
Camera.RGB: 1

# Close/Far threshold. Baseline times.
ThDepth: 50.0
Camera.bf: 77.0


# Transformation from body-frame (imu) to left camera
Tbc: !!opencv-matrix
   rows: 4
   cols: 4
   dt: f
   data: [0.003071817799408, -0.002824676859076, 0.999991292530115, 0.05067834857850693, 
          -0.999994734949525, 0.001037272510864, 0.003074758359156, 0.0458784339890185,
          -0.001045948677630, -0.999995472622942, -0.002821475674848, -0.005943648304780761,
          0.0, 0.0, 0.0, 1.0]

# IMU noise (Use those from VINS-mono)
IMU.NoiseGyro: 3.5201339549872799e+00 # 0.004 (VINS) # 0.00016 (TUM) # 0.00016    # rad/s^0.5 
IMU.NoiseAcc: 1.3610075391784484e+01 # 0.04 (VINS) # 0.0028 (TUM) # 0.0028     # m/s^1.5
IMU.GyroWalk: 4.8477797168896648e-03 # 0.000022 (VINS and TUM) rad/s^1.5
IMU.AccWalk: 9.2739556668357925e-01 # 0.0004 (VINS) # 0.00086 # 0.00086    # m/s^2.5
IMU.Frequency: 200

#--------------------------------------------------------------------------------------------
# ORB Parameters
#--------------------------------------------------------------------------------------------

# ORB Extractor: Number of features per image
ORBextractor.nFeatures: 1000 # Tested with 1250

# ORB Extractor: Scale factor between levels in the scale pyramid 	
ORBextractor.scaleFactor: 1.2

# ORB Extractor: Number of levels in the scale pyramid	
ORBextractor.nLevels: 8

# ORB Extractor: Fast threshold
# Image is divided in a grid. At each cell FAST are extracted imposing a minimum response.
# Firstly we impose iniThFAST. If no corners are detected we impose a lower value minThFAST
# You can lower these values if your images have low contrast			
ORBextractor.iniThFAST: 20 # 20
ORBextractor.minThFAST: 7 # 7

#--------------------------------------------------------------------------------------------
# Viewer Parameters
#--------------------------------------------------------------------------------------------
Viewer.KeyFrameSize: 0.05
Viewer.KeyFrameLineWidth: 1
Viewer.GraphLineWidth: 0.9
Viewer.PointSize: 2
Viewer.CameraSize: 0.08
Viewer.CameraLineWidth: 3
Viewer.ViewpointX: 0
Viewer.ViewpointY: -0.7
Viewer.ViewpointZ: -3.5
Viewer.ViewpointF: 500
